100 100
1 1 1 1 1 1 1 1 1 1 1 1 1 1 1 1 1 1 1 1 1 1 1 1 1 1 1 1 1 1 1 1 1 1 1 1 1 1 1 1 1 1 1 1 1 1 1 1 1 1 1 1 1 1 1 1 1 1 1 1 1 1 1 1 1 1 1 1 1 1 1 1 1 1 1 1 1 1 1 1 1 1 1 1 1 1 1 1 1 1 1 1 1 1 1 1 1 1 1 1
1 1 1 1 1 1 1 1 1 1 1 1 1 1 1 1 1 1 1 1 1 1 1 1 1 1 1 1 1 1 1 1 1 1 1 1 1 1 1 1 1 1 1 1 1 1 1 1 1 1 1 1 1 1 1 1 1 1 1 1 1 1 1 1 1 1 1 1 1 1 1 1 1 1 1 1 1 1 1 1 1 1 1 1 1 1 1 1 1 1 1 1 1 1 1 1 1 1 1 1
1 2 19 2 2 2 19 2 2 1 1 2 2 2 23 2 2 2 33 1 1 2 2 2 16 2 33 2 2 1 1 2 5 2 2 6 2 16 2 1 1 2 32 10 2 2 2 2 1 1 1 1 2 2 2 8 2 32 24 1 1 2 21 19 24 2 2 2 23 1 1 27 2 2 2 20 2 2 2 1 1 28 2 23 21 2 28 2 2 1 1 2 20 2 17 2 32 2 2 1
1 33 2 7 18 15 10 28 2 1 1 2 23 2 2 31 2 8 2 1 1 2 29 17 2 2 2 33 2 1 1 2 2 2 30 2 31 2 2 1 1 6 2 2 2 2 2 2 1 1 1 1 4 2 18 32 12 15 2 1 1 2 2 2 2 2 20 30 4 1 1 2 2 2 2 2 2 2 13 1 1 18 32 2 2 32 23 28 2 1 1 2 2 2 2 2 2 2 2 1
1 2 2 15 27 24 2 2 2 1 1 23 2 2 2 2 26 2 31 1 1 2 2 2 7 2 2 2 26 1 1 2 2 32 2 2 2 2 2 1 1 2 2 2 2 7 2 33 1 1 1 1 2 6 2 7 2 30 2 1 1 2 6 10 18 2 9 2 2 1 1 2 2 20 2 2 2 2 7 1 1 2 2 2 4 2 2 25 2 1 1 2 2 2 2 2 11 2 2 1
1 2 18 2 2 2 2 2 2 1 1 2 2 2 2 2 21 2 2 1 1 2 2 11 2 2 2 2 2 1 1 2 17 2 2 2 2 28 14 1 1 2 2 2 27 33 2 29 1 1 1 1 2 13 2 2 2 2 17 1 1 2 2 2 5 2 2 2 20 1 1 2 9 2 2 18 2 2 2 1 1 2 27 2 2 16 30 13 2 1 1 2 2 13 2 2 2 32 11 1
1 2 33 2 2 2 2 6 28 1 1 2 2 2 2 2 17 2 13 1 1 25 2 2 2 2 2 2 2 1 1 2 2 2 2 2 2 2 32 1 1 25 2 2 2 2 33 13 1 1 1 1 2 15 2 2 2 2 12 1 1 2 14 24 25 14 2 2 2 1 1 2 2 2 2 2 2 2 2 1 1 2 2 2 4 2 2 16 2 1 1 2 13 2 33 2 2 24 2 1
1 2 26 2 2 2 23 2 2 1 1 2 2 12 21 22 2 2 32 1 1 21 22 2 2 2 20 2 2 1 1 20 20 31 2 2 19 2 2 1 1 2 2 2 7 2 2 2 1 1 1 1 2 14 2 33 27 25 12 1 1 31 2 2 2 2 2 2 2 1 1 2 2 2 2 2 15 2 2 1 1 18 2 33 2 2 2 2 2 1 1 13 5 2 2 2 2 10 2 1
1 2 2 2 32 26 10 23 2 1 1 2 25 2 9 2 7 26 2 1 1 7 12 29 2 27 31 2 2 1 1 2 2 2 2 13 2 2 2 1 1 2 22 26 2 2 2 2 1 1 1 1 22 19 2 2 30 31 2 1 1 33 2 4 2 2 2 2 4 1 1 6 32 6 15 2 2 2 2 1 1 7 2 2 21 29 2 2 12 1 1 13 17 5 33 2 2 2 5 1
1 2 16 2 4 2 2 2 28 1 1 2 2 2 2 2 2 2 2 1 1 18 2 2 18 2 2 2 2 1 1 2 25 13 2 7 2 2 2 1 1 2 2 2 2 2 2 2 1 1 1 1 2 2 2 20 2 2 2 1 1 2 21 17 2 31 2 2 2 1 1 2 2 22 2 15 2 8 2 1 1 7 2 2 30 21 2 27 26 1 1 2 2 2 2 2 2 2 7 1
1 2 2 22 15 2 23 2 4 1 1 23 2 2 2 2 2 22 2 1 1 21 18 2 2 2 13 2 2 1 1 8 2 2 2 29 2 32 2 1 1 2 18 2 2 2 10 2 1 1 1 1 27 2 2 2 2 18 2 1 1 2 2 2 2 12 2 2 2 1 1 12 2 2 2 4 2 2 27 1 1 2 13 2 2 2 13 2 14 1 1 10 2 2 2 2 2 2 2 1
1 2 2 2 2 2 29 2 2 1 1 2 13 15 2 2 2 2 2 1 1 2 2 2 2 2 2 9 27 1 1 2 2 2 11 5 2 2 2 1 1 2 19 2 18 2 14 2 1 1 1 1 13 29 25 2 2 2 2 1 1 8 2 2 2 18 2 8 2 1 1 2 2 2 2 2 2 17 2 1 1 4 24 2 2 8 2 2 23 1 1 2 2 2 28 2 11 17 31 1
1 2 2 2 2 2 24 2 16 1 1 2 17 2 2 18 2 2 2 1 1 21 26 28 2 2 21 2 8 1 1 2 14 2 22 2 2 2 27 1 1 2 2 2 2 29 32 33 1 1 1 1 2 2 2 32 13 20 2 1 1 2 8 2 2 2 2 2 2 1 1 2 2 18 6 2 2 2 30 1 1 29 2 2 2 2 2 2 2 1 1 2 2 2 2 2 21 2 2 1
1 26 2 2 2 2 21 2 2 1 1 33 2 2 27 24 2 2 2 1 1 2 7 2 2 2 2 2 2 1 1 2 2 2 2 2 2 25 2 1 1 16 2 2 21 2 2 2 1 1 1 1 2 2 2 2 2 2 33 1 1 19 2 2 2 2 2 2 2 1 1 19 2 2 29 24 2 2 2 1 1 2 2 2 15 2 2 2 2 1 1 2 2 2 2 2 2 2 23 1
1 1 1 1 1 1 1 1 1 1 1 1 1 1 1 1 1 1 1 1 1 1 1 1 1 1 1 1 1 1 1 1 1 1 1 1 1 1 1 1 1 1 1 1 1 1 1 1 1 1 1 1 1 1 1 1 1 1 1 1 1 1 1 1 1 1 1 1 1 1 1 1 1 1 1 1 1 1 1 1 1 1 1 1 1 1 1 1 1 1 1 1 1 1 1 1 1 1 1 1
1 1 1 1 1 1 1 1 1 1 1 1 1 1 1 1 1 1 1 1 1 1 1 1 1 1 1 1 1 1 1 1 1 1 1 1 1 1 1 1 1 1 1 1 1 1 1 1 1 1 1 1 1 1 1 1 1 1 1 1 1 1 1 1 1 1 1 1 1 1 1 1 1 1 1 1 1 1 1 1 1 1 1 1 1 1 1 1 1 1 1 1 1 1 1 1 1 1 1 1
1 2 2 2 2 11 22 2 33 1 1 2 2 2 2 2 2 2 2 1 1 2 24 2 2 2 27 30 2 1 1 26 2 2 2 2 2 2 18 1 1 2 2 2 2 2 28 16 1 1 1 1 2 2 2 2 2 2 2 1 1 33 26 2 2 2 2 2 2 1 1 16 22 2 24 2 32 2 2 1 1 2 2 2 2 2 2 30 12 1 1 20 2 2 2 2 2 2 2 1
1 2 2 2 7 2 2 24 2 1 1 9 2 2 2 25 2 18 15 1 1 2 2 30 2 22 2 2 2 1 1 2 24 2 28 2 2 2 9 1 1 2 2 20 2 31 20 2 1 1 1 1 2 2 2 2 4 2 2 1 1 2 17 2 2 2 2 2 2 1 1 27 2 2 2 2 2 2 2 1 1 28 2 32 2 2 2 2 2 1 1 11 2 2 25 2 2 20 2 1
1 9 2 29 20 2 2 2 32 1 1 2 2 2 16 2 24 2 17 1 1 2 2 2 2 33 12 2 23 1 1 11 17 2 2 2 2 2 9 1 1 2 17 2 2 8 11 2 1 1 1 1 29 2 2 4 13 2 2 1 1 2 11 2 9 2 2 2 13 1 1 21 2 2 17 29 2 5 5 1 1 32 2 21 2 4 2 2 29 1 1 2 2 19 2 30 15 26 24 1
1 2 2 21 2 2 2 2 2 1 1 2 2 2 2 2 21 2 27 1 1 2 2 18 13 2 2 4 2 1 1 2 2 18 2 2 2 2 7 1 1 2 2 2 14 6 31 2 1 1 1 1 2 20 2 25 2 2 2 1 1 11 18 2 30 2 2 2 2 1 1 2 2 2 2 2 17 7 2 1 1 2 2 7 2 2 2 30 2 1 1 31 2 2 2 2 2 33 2 1
1 2 19 12 21 2 2 10 16 1 1 2 2 2 2 2 2 16 2 1 1 12 2 2 26 2 13 20 11 1 1 2 2 2 2 7 15 2 2 1 1 2 2 2 2 2 19 2 1 1 1 1 2 2 2 32 2 2 2 1 1 2 23 13 27 2 2 2 2 1 1 2 27 2 2 2 2 2 18 1 1 2 26 2 2 13 2 23 20 1 1 2 2 25 2 2 2 2 6 1
1 32 2 2 2 4 2 2 2 1 1 5 2 2 2 2 2 2 2 1 1 5 2 32 2 2 2 2 2 1 1 2 16 2 6 2 2 2 2 1 1 2 2 2 2 2 13 2 1 1 1 1 2 2 2 2 2 7 25 1 1 2 2 2 2 10 2 2 2 1 1 2 2 2 2 28 2 2 2 1 1 2 32 2 2 2 12 2 2 1 1 15 27 21 2 2 2 2 2 1
1 11 2 2 2 2 2 2 10 1 1 2 2 2 2 2 2 2 2 1 1 2 27 14 9 7 26 2 2 1 1 2 2 12 2 2 31 4 2 1 1 15 28 2 2 4 4 2 1 1 1 1 2 25 15 13 2 2 2 1 1 2 30 23 2 2 2 2 2 1 1 2 2 31 2 2 11 2 2 1 1 2 4 30 32 2 2 2 2 1 1 2 26 5 26 2 2 2 5 1
1 2 2 26 2 12 2 2 2 1 1 2 2 2 2 2 2 2 2 1 1 16 16 2 14 2 2 2 31 1 1 2 2 31 2 7 17 2 9 1 1 2 2 2 2 2 2 30 1 1 1 1 9 32 27 2 25 2 2 1 1 2 32 2 22 22 2 29 2 1 1 2 28 2 2 8 2 2 2 1 1 25 2 2 2 2 2 5 2 1 1 2 2 2 2 2 2 23 2 1
1 15 2 2 2 2 2 2 2 1 1 2 18 21 2 2 29 31 2 1 1 2 2 21 2 5 2 2 16 1 1 2 2 2 2 6 30 2 10 1 1 29 2 29 9 2 17 17 1 1 1 1 2 15 32 2 13 2 2 1 1 2 2 2 2 2 7 6 15 1 1 2 2 7 2 2 2 2 2 1 1 2 2 8 2 28 2 2 2 1 1 2 2 2 2 2 2 19 2 1
1 2 2 2 6 14 25 2 32 1 1 2 2 2 2 2 33 2 2 1 1 2 2 2 8 30 2 2 2 1 1 4 2 2 2 2 10 2 20 1 1 2 2 2 4 2 13 2 1 1 1 1 2 2 32 2 2 2 2 1 1 2 18 4 2 2 2 2 12 1 1 2 8 2 2 13 2 31 2 1 1 2 2 11 27 18 14 2 2 1 1 5 2 2 15 2 8 2 2 1
1 2 19 2 2 2 6 2 2 1 1 2 31 2 2 2 2 29 2 1 1 2 2 2 2 2 11 2 32 1 1 30 31 2 2 2 2 2 25 1 1 2 2 10 2 2 22 2 1 1 1 1 2 2 2 2 2 2 2 1 1 5 2 2 19 2 2 11 17 1 1 2 2 2 2 33 8 2 9 1 1 28 2 27 2 11 2 2 2 1 1 14 2 2 2 2 2 2 2 1
1 9 22 2 31 31 2 2 2 1 1 2 2 2 15 2 19 24 2 1 1 2 6 2 33 33 2 4 2 1 1 2 2 2 2 22 2 2 2 1 1 25 2 2 33 2 2 24 1 1 1 1 18 2 25 2 2 2 2 1 1 2 6 2 2 2 2 2 2 1 1 2 2 21 2 5 2 2 18 1 1 9 14 2 28 23 4 2 2 1 1 2 33 2 2 13 31 2 2 1
1 1 1 1 1 1 1 1 1 1 1 1 1 1 1 1 1 1 1 1 1 1 1 1 1 1 1 1 1 1 1 1 1 1 1 1 1 1 1 1 1 1 1 1 1 1 1 1 1 1 1 1 1 1 1 1 1 1 1 1 1 1 1 1 1 1 1 1 1 1 1 1 1 1 1 1 1 1 1 1 1 1 1 1 1 1 1 1 1 1 1 1 1 1 1 1 1 1 1 1
1 1 1 1 1 1 1 1 1 1 1 1 1 1 1 1 1 1 1 1 1 1 1 1 1 1 1 1 1 1 1 1 1 1 1 1 1 1 1 1 1 1 1 1 1 1 1 1 1 1 1 1 1 1 1 1 1 1 1 1 1 1 1 1 1 1 1 1 1 1 1 1 1 1 1 1 1 1 1 1 1 1 1 1 1 1 1 1 1 1 1 1 1 1 1 1 1 1 1 1
1 2 2 10 16 2 8 2 2 1 1 2 2 2 23 2 7 2 2 1 1 2 2 2 2 2 19 2 2 1 1 29 2 16 2 2 2 6 20 1 1 2 11 2 2 2 2 2 1 1 1 1 2 2 2 23 24 14 2 1 1 2 2 6 2 26 29 2 18 1 1 10 2 4 9 2 2 32 12 1 1 10 2 2 14 26 2 2 2 1 1 8 2 5 2 12 4 2 2 1
1 2 2 19 2 2 2 2 2 1 1 13 8 2 2 26 26 2 2 1 1 2 2 2 2 2 2 24 2 1 1 2 19 2 10 2 27 32 2 1 1 2 14 16 2 2 2 2 1 1 1 1 12 2 2 2 2 4 2 1 1 14 2 2 2 2 2 2 2 1 1 2 2 2 2 12 14 12 13 1 1 2 2 2 2 2 2 2 2 1 1 21 2 2 2 2 6 2 21 1
1 2 2 32 2 2 2 11 2 1 1 2 26 33 2 2 19 2 2 1 1 2 2 7 2 2 2 13 14 1 1 2 2 2 2 2 2 2 2 1 1 11 2 2 20 2 19 2 1 1 1 1 2 2 2 2 7 2 26 1 1 25 2 2 2 2 2 2 2 1 1 2 2 2 2 15 2 2 2 1 1 31 2 2 2 2 2 16 2 1 1 2 2 2 2 2 2 2 2 1
1 2 2 7 19 2 29 2 2 1 1 10 16 2 2 2 2 2 2 1 1 2 2 2 2 26 2 2 2 1 1 2 31 2 29 30 22 2 22 1 1 31 2 24 8 2 2 2 1 1 1 1 2 31 2 2 2 2 2 1 1 11 2 2 2 2 2 2 2 1 1 2 2 2 2 32 2 2 2 1 1 2 2 19 2 2 26 2 2 1 1 2 8 2 2 2 2 2 2 1
1 20 2 2 5 15 2 2 2 1 1 2 13 2 28 2 2 19 5 1 1 2 5 2 2 2 2 30 2 1 1 2 2 10 2 2 23 2 2 1 1 2 2 2 2 25 2 2 1 1 1 1 2 2 2 10 2 2 2 1 1 2 26 2 2 2 2 25 2 1 1 18 2 2 10 2 30 2 2 1 1 29 2 2 2 6 12 2 2 1 1 2 2 28 2 29 2 2 2 1
1 2 2 2 2 2 27 2 2 1 1 2 2 2 2 31 29 2 20 1 1 13 29 2 2 2 2 2 2 1 1 2 33 4 32 2 7 2 9 1 1 2 25 2 2 2 2 2 1 1 1 1 17 2 33 2 2 2 2 1 1 2 2 2 2 2 2 2 2 1 1 23 2 2 2 2 17 2 2 1 1 2 2 8 27 2 9 2 2 1 1 2 2 2 2 12 2 2 2 1
1 2 2 2 2 2 2 2 2 1 1 2 2 2 2 2 2 2 2 1 1 17 2 2 31 2 2 2 2 1 1 2 2 2 16 2 4 2 2 1 1 2 23 2 2 2 2 2 1 1 1 1 19 2 2 23 21 2 23 1 1 12 2 17 10 2 2 4 2 1 1 2 2 2 2 5 2 2 2 1 1 2 2 23 10 2 17 2 2 1 1 2 12 2 21 6 26 2 2 1
1 2 2 2 2 2 30 2 2 1 1 26 2 2 2 12 2 2 2 1 1 2 2 2 24 2 2 31 2 1 1 2 10 23 2 29 2 2 26 1 1 2 2 2 2 2 22 2 1 1 1 1 6 2 2 24 2 5 2 1 1 2 18 2 2 2 2 24 11 1 1 2 2 10 2 17 2 12 2 1 1 2 2 2 19 2 2 2 2 1 1 2 2 2 2 2 13 2 2 1
1 2 14 17 2 2 2 2 18 1 1 2 2 2 6 2 2 2 2 1 1 2 25 2 2 11 22 2 2 1 1 2 2 2 2 5 2 2 28 1 1 2 2 10 2 2 2 2 1 1 1 1 2 10 2 2 2 2 32 1 1 14 2 2 2 14 27 2 2 1 1 2 2 21 2 2 2 2 2 1 1 2 2 2 2 2 12 2 2 1 1 2 14 2 2 2 2 2 2 1
1 2 2 2 2 2 19 2 2 1 1 2 2 28 2 2 8 2 2 1 1 16 31 9 2 30 2 2 2 1 1 2 26 14 2 33 2 2 2 1 1 7 18 11 2 21 2 2 1 1 1 1 2 20 2 2 4 2 2 1 1 2 2 2 2 2 2 2 10 1 1 2 2 28 13 2 2 13 2 1 1 30 2 2 2 2 14 2 2 1 1 25 2 2 9 2 2 2 2 1
1 2 2 23 2 2 2 2 25 1 1 2 17 10 2 4 2 2 2 1 1 9 2 2 2 26 6 2 9 1 1 2 23 2 2 2 2 2 2 1 1 2 2 2 2 26 2 27 1 1 1 1 26 2 30 2 2 2 2 1 1 2 2 2 2 2 2 17 2 1 1 2 31 9 28 2 19 2 2 1 1 2 2 5 2 7 2 4 2 1 1 10 28 2 2 2 8 2 31 1
1 2 2 2 2 2 17 2 2 1 1 2 19 2 2 2 31 2 2 1 1 2 2 2 2 2 2 2 2 1 1 2 2 2 2 2 2 22 2 1 1 24 2 17 2 2 2 2 1 1 1 1 2 21 15 9 2 2 8 1 1 17 7 33 2 8 2 13 2 1 1 16 2 2 2 2 2 17 2 1 1 19 2 2 15 5 5 4 32 1 1 33 16 2 2 2 2 23 29 1
1 1 1 1 1 1 1 1 1 1 1 1 1 1 1 1 1 1 1 1 1 1 1 1 1 1 1 1 1 1 1 1 1 1 1 1 1 1 1 1 1 1 1 1 1 1 1 1 1 1 1 1 1 1 1 1 1 1 1 1 1 1 1 1 1 1 1 1 1 1 1 1 1 1 1 1 1 1 1 1 1 1 1 1 1 1 1 1 1 1 1 1 1 1 1 1 1 1 1 1
1 1 1 1 1 1 1 1 1 1 1 1 1 1 1 1 1 1 1 1 1 1 1 1 1 1 1 1 1 1 1 1 1 1 1 1 1 1 1 1 1 1 1 1 1 1 1 1 1 1 1 1 1 1 1 1 1 1 1 1 1 1 1 1 1 1 1 1 1 1 1 1 1 1 1 1 1 1 1 1 1 1 1 1 1 1 1 1 1 1 1 1 1 1 1 1 1 1 1 1
1 2 2 2 30 2 21 2 2 1 1 26 2 2 4 2 18 6 8 1 1 2 5 2 29 2 30 23 2 1 1 2 14 2 22 2 8 2 28 1 1 2 2 2 2 19 2 2 1 1 1 1 2 2 2 18 2 22 14 1 1 29 2 23 30 2 32 2 2 1 1 2 4 2 2 2 2 20 2 1 1 2 28 2 2 10 2 2 5 1 1 2 15 27 14 19 2 2 2 1
1 2 2 2 6 2 6 2 2 1 1 2 2 2 2 23 2 2 15 1 1 2 2 28 7 5 2 2 2 1 1 8 2 2 2 11 2 5 2 1 1 2 20 2 2 9 2 16 1 1 1 1 2 2 2 2 2 20 2 1 1 2 2 2 2 6 2 2 2 1 1 2 17 6 2 2 29 2 2 1 1 2 2 23 2 2 2 15 2 1 1 2 2 2 2 2 2 2 2 1
1 2 2 2 2 2 24 21 2 1 1 2 2 2 12 2 2 29 25 1 1 2 29 2 2 2 28 18 2 1 1 2 2 2 2 17 2 2 12 1 1 2 2 2 2 2 2 2 1 1 1 1 2 2 2 2 2 2 27 1 1 2 2 2 2 2 33 2 2 1 1 33 2 2 32 2 15 7 8 1 1 31 2 2 2 2 2 2 31 1 1 22 2 25 12 2 2 16 2 1
1 2 5 2 11 2 2 2 2 1 1 2 2 32 2 23 2 2 2 1 1 20 28 20 13 33 2 2 24 1 1 2 16 17 2 13 2 2 18 1 1 2 2 2 30 2 2 2 1 1 1 1 20 2 2 2 16 2 2 1 1 2 2 2 2 2 2 2 2 1 1 7 2 2 2 2 2 2 21 1 1 2 2 30 2 2 4 2 2 1 1 2 2 16 2 2 2 2 2 1
1 2 2 30 16 2 14 2 2 1 1 2 6 2 2 2 2 2 2 1 1 2 2 2 2 2 32 13 2 1 1 11 2 2 2 2 19 2 2 1 1 2 2 2 2 13 24 2 1 1 1 1 2 2 2 22 2 2 2 1 1 2 2 2 19 2 2 2 22 1 1 2 23 2 2 2 2 27 2 1 1 29 33 2 2 28 2 30 2 1 1 2 17 2 2 2 20 2 2 1
1 2 2 8 2 22 2 17 2 1 1 2 4 2 18 2 2 19 2 1 1 2 9 2 2 2 2 9 2 1 1 25 2 2 2 2 2 2 2 1 1 2 2 2 2 2 24 2 1 1 1 1 2 2 2 2 2 31 2 1 1 23 29 31 2 2 2 2 2 1 1 32 2 2 2 18 8 2 32 1 1 2 2 2 2 2 2 2 2 1 1 2 2 2 7 2 2 2 26 1
1 2 2 2 30 30 2 28 2 1 1 2 2 18 28 2 2 5 2 1 1 20 2 2 31 2 17 22 2 1 1 2 9 12 2 33 2 2 2 1 1 2 2 29 2 29 2 2 1 1 1 1 2 2 2 2 2 7 2 1 1 2 2 2 33 12 2 2 2 1 1 2 21 2 2 2 2 2 2 1 1 2 13 16 4 10 2 22 2 1 1 2 2 32 2 2 22 2 23 1
1 2 2 2 2 22 2 2 31 1 1 2 2 2 2 2 32 12 2 1 1 2 31 2 2 22 2 31 2 1 1 2 2 2 8 2 22 2 21 1 1 2 2 16 2 2 19 2 1 1 1 1 11 2 2 18 27 2 2 1 1 2 2 2 2 2 2 2 2 1 1 2 2 17 29 2 2 29 2 1 1 7 2 2 2 2 2 2 8 1 1 2 2 2 2 13 6 2 2 1
1 2 2 33 2 2 2 12 2 1 1 8 2 2 2 2 2 2 2 1 1 26 27 2 2 2 2 2 2 1 1 2 2 2 2 2 2 2 2 1 1 2 2 33 2 2 2 21 1 1 1 1 2 2 2 2 2 2 2 1 1 2 2 26 12 2 9 2 2 1 1 2 2 2 28 2 33 2 2 1 1 2 2 2 2 2 26 2 2 1 1 2 8 2 2 2 2 2 25 1
1 2 2 2 22 2 2 2 2 1 1 2 23 2 2 23 21 2 2 1 1 2 2 2 2 27 2 2 2 1 1 2 6 2 24 20 2 2 2 1 1 25 2 2 2 2 2 6 1 1 1 1 2 2 2 32 2 2 2 1 1 2 9 2 22 5 2 2 2 1 1 2 2 2 8 2 25 33 2 1 1 5 19 2 2 2 2 2 19 1 1 15 2 21 2 24 4 15 29 1
1 2 26 2 2 2 2 2 2 1 1 19 2 2 2 2 2 27 2 1 1 2 2 26 11 15 2 2 2 1 1 2 28 2 2 2 20 9 17 1 1 2 2 2 2 2 2 2 1 1 1 1 16 2 2 2 2 2 2 1 1 2 17 4 2 2 2 2 2 1 1 2 22 18 31 2 5 21 24 1 1 2 28 2 18 2 2 27 2 1 1 2 8 2 29 2 2 32 2 1
1 1 1 1 1 1 1 1 1 1 1 1 1 1 1 1 1 1 1 1 1 1 1 1 1 1 1 1 1 1 1 1 1 1 1 1 1 1 1 1 1 1 1 1 1 1 1 1 1 1 1 1 1 1 1 1 1 1 1 1 1 1 1 1 1 1 1 1 1 1 1 1 1 1 1 1 1 1 1 1 1 1 1 1 1 1 1 1 1 1 1 1 1 1 1 1 1 1 1 1
1 1 1 1 1 1 1 1 1 1 1 1 1 1 1 1 1 1 1 1 1 1 1 1 1 1 1 1 1 1 1 1 1 1 1 1 1 1 1 1 1 1 1 1 1 1 1 1 1 1 1 1 1 1 1 1 1 1 1 1 1 1 1 1 1 1 1 1 1 1 1 1 1 1 1 1 1 1 1 1 1 1 1 1 1 1 1 1 1 1 1 1 1 1 1 1 1 1 1 1
1 1 1 1 1 1 1 1 1 1 1 1 1 1 1 1 1 1 1 1 1 1 1 1 1 1 1 1 1 1 1 1 1 1 1 1 1 1 1 1 1 1 1 1 1 1 1 1 1 1 1 1 1 1 1 1 1 1 1 1 1 1 1 1 1 1 1 1 1 1 1 1 1 1 1 1 1 1 1 1 1 1 1 1 1 1 1 1 1 1 1 1 1 1 1 1 1 1 1 1
1 1 1 1 1 1 1 1 1 1 1 1 1 1 1 1 1 1 1 1 1 1 1 1 1 1 1 1 1 1 1 1 1 1 1 1 1 1 1 1 1 1 1 1 1 1 1 1 1 1 1 1 1 1 1 1 1 1 1 1 1 1 1 1 1 1 1 1 1 1 1 1 1 1 1 1 1 1 1 1 1 1 1 1 1 1 1 1 1 1 1 1 1 1 1 1 1 1 1 1
1 2 29 2 2 9 2 2 28 1 1 2 2 11 2 2 12 2 2 1 1 2 2 2 2 18 2 2 2 1 1 22 2 15 2 2 2 2 7 1 1 2 2 2 13 5 9 2 1 1 1 1 2 9 9 2 2 16 2 1 1 2 2 2 2 2 2 2 2 1 1 2 14 2 2 2 19 2 2 1 1 28 2 2 2 8 2 2 2 1 1 27 2 2 2 2 2 2 2 1
1 2 2 27 2 13 2 13 14 1 1 2 2 2 23 19 2 2 20 1 1 2 2 2 33 2 28 2 2 1 1 2 2 2 2 12 2 2 19 1 1 2 2 2 24 14 2 6 1 1 1 1 2 2 9 11 4 2 2 1 1 2 21 2 2 19 2 23 4 1 1 18 2 2 2 2 2 11 2 1 1 2 29 22 2 22 17 2 26 1 1 2 2 2 2 2 2 2 2 1
1 2 2 2 5 31 2 33 2 1 1 30 11 2 2 2 2 2 22 1 1 2 2 2 2 2 20 2 2 1 1 2 21 2 25 2 2 18 2 1 1 2 20 2 2 2 6 2 1 1 1 1 2 2 2 11 2 2 11 1 1 2 2 25 25 8 2 2 2 1 1 2 2 2 2 2 2 22 23 1 1 16 2 2 2 2 2 2 2 1 1 10 2 2 2 2 2 2 2 1
1 2 2 30 28 2 2 2 2 1 1 2 4 2 2 2 2 2 2 1 1 2 28 2 2 2 2 22 2 1 1 29 2 2 13 2 2 31 32 1 1 2 2 2 14 9 17 2 1 1 1 1 21 2 2 2 2 2 2 1 1 24 2 5 2 31 2 28 2 1 1 23 2 17 2 31 2 25 2 1 1 2 2 2 2 19 2 2 32 1 1 2 2 10 2 2 13 2 2 1
1 2 2 6 18 2 2 2 2 1 1 31 23 5 21 2 5 16 6 1 1 2 17 2 2 2 20 2 2 1 1 2 7 2 2 2 27 2 2 1 1 2 2 2 21 2 18 31 1 1 1 1 18 19 5 13 2 2 2 1 1 2 2 2 2 2 7 28 2 1 1 2 2 2 2 29 17 2 2 1 1 10 2 27 2 9 2 2 2 1 1 2 15 12 27 2 5 2 2 1
1 2 2 2 2 2 2 2 2 1 1 2 2 2 9 2 2 13 4 1 1 2 2 2 5 26 2 2 2 1 1 2 2 2 2 2 2 21 33 1 1 2 2 2 2 2 2 2 1 1 1 1 2 2 14 2 2 30 2 1 1 2 2 2 12 33 29 2 2 1 1 2 24 31 2 2 33 25 2 1 1 2 18 2 2 2 2 2 2 1 1 14 2 2 2 2 21 5 31 1
1 2 2 20 9 25 11 10 32 1 1 2 2 2 2 2 26 2 2 1 1 2 2 2 2 2 2 2 2 1 1 2 14 2 2 2 2 2 2 1 1 2 2 2 14 2 2 9 1 1 1 1 2 2 2 20 2 16 2 1 1 9 9 2 2 2 2 2 13 1 1 2 33 18 2 2 23 8 18 1 1 2 2 2 2 2 2 15 2 1 1 2 2 2 27 2 2 6 10 1
1 2 2 2 18 2 2 2 2 1 1 2 13 2 21 2 2 2 27 1 1 2 2 2 2 2 2 2 11 1 1 2 5 2 2 2 2 2 2 1 1 2 2 2 2 2 18 2 1 1 1 1 2 2 2 2 2 2 2 1 1 13 12 11 2 21 2 2 21 1 1 2 2 2 2 13 2 16 2 1 1 2 2 7 2 2 4 2 2 1 1 2 2 2 2 9 2 27 2 1
1 2 2 2 2 2 2 2 2 1 1 2 2 14 2 2 2 2 2 1 1 2 28 2 2 10 2 2 2 1 1 2 2 13 25 24 10 2 2 1 1 2 2 2 2 21 2 4 1 1 1 1 2 2 2 33 2 2 2 1 1 2 2 2 13 2 31 2 2 1 1 2 27 2 2 2 2 2 22 1 1 2 2 2 2 2 2 2 2 1 1 2 2 2 2 2 19 2 2 1
1 2 2 2 2 2 2 2 2 1 1 2 31 28 2 20 2 2 4 1 1 25 11 2 2 2 13 12 22 1 1 30 2 2 2 2 2 13 2 1 1 2 2 2 2 2 30 2 1 1 1 1 2 2 2 2 26 2 2 1 1 2 2 2 2 25 2 2 2 1 1 2 2 18 2 2 2 2 6 1 1 31 2 2 2 2 2 2 2 1 1 2 21 2 24 2 2 2 2 1
1 31 2 2 2 2 2 2 2 1 1 2 2 10 5 2 2 2 2 1 1 11 5 2 2 2 7 2 2 1 1 2 22 2 2 17 2 2 2 1 1 2 2 2 2 2 11 2 1 1 1 1 2 2 19 22 9 22 25 1 1 18 2 28 24 2 2 2 2 1 1 2 7 2 2 2 2 7 13 1 1 2 2 2 17 12 33 2 2 1 1 2 2 2 2 2 2 2 2 1
1 1 1 1 1 1 1 1 1 1 1 1 1 1 1 1 1 1 1 1 1 1 1 1 1 1 1 1 1 1 1 1 1 1 1 1 1 1 1 1 1 1 1 1 1 1 1 1 1 1 1 1 1 1 1 1 1 1 1 1 1 1 1 1 1 1 1 1 1 1 1 1 1 1 1 1 1 1 1 1 1 1 1 1 1 1 1 1 1 1 1 1 1 1 1 1 1 1 1 1
1 1 1 1 1 1 1 1 1 1 1 1 1 1 1 1 1 1 1 1 1 1 1 1 1 1 1 1 1 1 1 1 1 1 1 1 1 1 1 1 1 1 1 1 1 1 1 1 1 1 1 1 1 1 1 1 1 1 1 1 1 1 1 1 1 1 1 1 1 1 1 1 1 1 1 1 1 1 1 1 1 1 1 1 1 1 1 1 1 1 1 1 1 1 1 1 1 1 1 1
1 2 12 2 2 2 2 2 9 1 1 2 28 25 2 2 14 30 2 1 1 32 2 2 2 2 2 2 29 1 1 22 2 32 2 4 2 2 33 1 1 2 2 15 13 2 2 2 1 1 1 1 2 2 2 2 2 2 2 1 1 2 2 2 4 12 2 2 2 1 1 2 30 2 2 2 2 15 15 1 1 9 2 2 2 2 2 2 2 1 1 2 2 2 2 2 2 14 2 1
1 2 23 2 22 2 2 2 2 1 1 2 2 2 2 2 2 2 2 1 1 12 2 2 22 2 14 2 2 1 1 2 2 2 2 2 2 2 2 1 1 2 2 2 2 2 12 16 1 1 1 1 2 2 6 2 2 22 2 1 1 2 21 2 32 2 2 2 30 1 1 2 2 28 14 22 18 2 2 1 1 22 2 6 11 2 2 2 2 1 1 2 14 24 2 2 2 2 2 1
1 2 2 13 2 26 2 2 12 1 1 2 2 2 13 5 33 2 2 1 1 2 2 11 2 2 2 2 2 1 1 2 2 2 2 2 2 2 2 1 1 2 33 2 2 2 2 4 1 1 1 1 2 2 2 2 2 14 2 1 1 2 22 2 2 2 2 2 2 1 1 2 18 19 2 29 2 2 17 1 1 2 2 2 2 2 9 2 27 1 1 2 2 2 2 2 13 2 2 1
1 2 5 2 2 2 2 2 2 1 1 2 10 20 7 2 2 19 2 1 1 2 2 2 2 2 2 6 2 1 1 2 2 2 2 2 2 9 2 1 1 2 27 2 2 2 5 2 1 1 1 1 2 6 2 26 2 2 23 1 1 2 26 22 2 24 2 2 2 1 1 2 23 2 7 5 2 2 2 1 1 2 13 2 2 2 2 2 2 1 1 2 5 2 21 2 2 2 30 1
1 2 2 2 2 2 2 16 2 1 1 2 2 4 2 2 10 2 2 1 1 2 2 2 2 2 2 18 2 1 1 26 2 2 2 2 2 2 2 1 1 31 2 2 2 2 2 17 1 1 1 1 2 23 26 2 2 2 2 1 1 21 21 2 2 2 2 2 2 1 1 2 2 2 4 14 2 2 2 1 1 32 2 32 2 2 2 2 2 1 1 11 12 2 2 12 2 2 2 1
1 2 9 21 29 2 5 33 4 1 1 2 2 2 2 12 2 5 6 1 1 2 2 2 2 2 2 16 2 1 1 2 2 2 2 2 2 12 2 1 1 2 2 2 2 2 29 2 1 1 1 1 2 16 2 2 2 2 21 1 1 2 2 2 2 31 2 2 2 1 1 2 2 2 9 10 2 22 2 1 1 2 2 2 32 2 2 2 2 1 1 2 2 2 12 2 2 16 2 1
1 8 2 2 2 11 2 6 2 1 1 30 32 2 15 33 32 2 12 1 1 2 27 2 2 9 2 2 2 1 1 2 33 2 2 2 2 2 2 1 1 31 2 2 2 5 31 2 1 1 1 1 2 22 2 2 22 2 13 1 1 2 8 2 22 7 2 2 2 1 1 2 2 2 2 2 2 20 31 1 1 2 2 12 2 2 2 2 2 1 1 2 2 2 2 2 2 2 2 1
1 2 9 2 2 17 2 2 2 1 1 8 2 2 2 28 18 8 31 1 1 2 2 2 2 2 2 2 2 1 1 2 5 2 13 2 2 4 2 1 1 2 11 16 20 2 2 2 1 1 1 1 2 19 2 7 2 2 2 1 1 2 20 2 30 2 2 12 2 1 1 2 27 2 2 2 2 2 2 1 1 2 7 2 2 12 21 6 2 1 1 11 10 9 2 2 2 2 11 1
1 2 2 29 2 23 2 2 2 1 1 2 25 2 2 9 5 2 26 1 1 2 2 2 22 2 20 2 2 1 1 2 2 2 2 2 2 2 2 1 1 2 2 4 22 2 21 2 1 1 1 1 2 10 2 2 2 2 2 1 1 2 29 2 18 20 2 2 2 1 1 2 2 5 2 2 28 4 2 1 1 33 20 2 2 2 2 12 2 1 1 2 22 2 2 22 2 2 2 1
1 2 2 2 2 2 2 12 22 1 1 2 2 12 2 22 2 2 2 1 1 14 14 2 2 26 2 2 2 1 1 2 2 2 2 2 13 2 2 1 1 2 2 8 2 2 2 28 1 1 1 1 2 11 2 21 21 2 23 1 1 2 2 27 23 13 12 2 2 1 1 2 2 2 7 2 2 2 21 1 1 11 2 23 11 27 2 32 2 1 1 2 2 21 2 2 2 2 15 1
1 27 22 22 2 6 2 2 2 1 1 2 2 2 2 4 22 2 2 1 1 2 2 23 13 2 10 2 2 1 1 21 18 17 26 2 2 6 2 1 1 2 2 25 2 11 8 30 1 1 1 1 5 2 16 29 2 19 33 1 1 22 2 2 2 2 12 2 2 1 1 2 2 17 8 2 2 14 2 1 1 4 13 2 2 31 2 2 2 1 1 13 2 7 2 2 12 7 2 1
1 21 2 2 2 2 2 2 12 1 1 27 2 2 2 2 2 2 2 1 1 29 2 2 2 19 14 2 2 1 1 2 2 23 2 2 2 30 2 1 1 2 2 2 5 2 28 2 1 1 1 1 21 16 2 23 14 2 4 1 1 2 2 19 2 2 2 30 29 1 1 2 2 2 14 2 29 7 2 1 1 2 2 24 33 8 2 2 18 1 1 2 2 7 17 2 2 2 2 1
1 1 1 1 1 1 1 1 1 1 1 1 1 1 1 1 1 1 1 1 1 1 1 1 1 1 1 1 1 1 1 1 1 1 1 1 1 1 1 1 1 1 1 1 1 1 1 1 1 1 1 1 1 1 1 1 1 1 1 1 1 1 1 1 1 1 1 1 1 1 1 1 1 1 1 1 1 1 1 1 1 1 1 1 1 1 1 1 1 1 1 1 1 1 1 1 1 1 1 1
1 1 1 1 1 1 1 1 1 1 1 1 1 1 1 1 1 1 1 1 1 1 1 1 1 1 1 1 1 1 1 1 1 1 1 1 1 1 1 1 1 1 1 1 1 1 1 1 1 1 1 1 1 1 1 1 1 1 1 1 1 1 1 1 1 1 1 1 1 1 1 1 1 1 1 1 1 1 1 1 1 1 1 1 1 1 1 1 1 1 1 1 1 1 1 1 1 1 1 1
1 6 2 2 7 2 2 29 2 1 1 2 2 2 2 6 2 2 13 1 1 2 2 28 19 2 2 2 2 1 1 2 2 31 23 2 9 5 2 1 1 32 11 2 2 2 2 2 1 1 1 1 2 13 2 2 18 2 2 1 1 2 2 23 11 32 31 2 4 1 1 2 2 2 10 2 18 21 2 1 1 20 28 2 16 2 32 2 2 1 1 20 2 29 27 5 2 2 2 1
1 2 2 2 2 10 2 2 2 1 1 2 2 2 2 6 2 2 2 1 1 2 6 2 9 2 2 30 2 1 1 18 2 2 24 2 9 2 2 1 1 2 2 12 2 4 2 2 1 1 1 1 2 2 2 13 2 2 6 1 1 2 2 2 2 2 2 2 2 1 1 2 19 11 2 2 2 2 20 1 1 2 6 2 2 2 2 2 17 1 1 2 2 2 2 2 17 2 2 1
1 2 2 2 2 2 2 2 21 1 1 2 2 2 2 2 13 32 2 1 1 20 2 2 2 2 2 2 2 1 1 2 15 2 2 2 15 2 2 1 1 2 2 2 2 15 2 29 1 1 1 1 4 2 2 2 2 7 6 1 1 2 2 2 2 2 2 2 15 1 1 27 2 2 6 2 29 2 2 1 1 33 4 2 2 32 2 2 21 1 1 2 2 2 2 2 4 2 2 1
1 22 2 2 2 6 2 2 2 1 1 2 2 33 2 2 2 2 2 1 1 2 2 2 2 2 2 4 2 1 1 2 2 11 2 2 2 2 2 1 1 2 17 2 8 2 2 9 1 1 1 1 2 2 2 2 2 2 2 1 1 20 2 2 2 25 2 30 2 1 1 2 10 2 29 2 7 9 2 1 1 20 4 2 31 2 15 2 2 1 1 2 2 2 2 2 11 2 2 1
1 12 2 2 16 2 2 2 2 1 1 2 19 2 31 2 19 2 2 1 1 2 2 6 2 2 10 20 2 1 1 2 2 23 19 11 2 2 2 1 1 2 2 29 2 2 2 27 1 1 1 1 2 15 2 22 18 18 2 1 1 2 2 2 33 2 2 4 2 1 1 2 14 2 2 2 2 7 2 1 1 9 14 2 2 2 2 2 5 1 1 2 2 13 9 2 2 2 2 1
1 2 2 2 2 18 2 32 11 1 1 28 13 2 22 2 29 2 2 1 1 2 2 2 2 17 6 2 18 1 1 2 2 12 2 2 19 2 13 1 1 2 2 2 2 31 2 2 1 1 1 1 2 2 2 21 2 2 2 1 1 4 2 2 19 2 18 2 2 1 1 2 2 2 2 8 2 2 2 1 1 10 2 2 2 2 2 2 2 1 1 2 2 29 24 2 2 9 2 1
1 2 2 16 2 2 2 2 2 1 1 2 2 2 2 2 21 14 32 1 1 2 15 22 2 2 2 21 2 1 1 11 2 2 2 2 30 2 2 1 1 2 22 2 2 2 2 32 1 1 1 1 2 2 7 2 2 4 11 1 1 2 2 2 2 2 2 2 2 1 1 2 2 30 2 2 28 9 2 1 1 27 2 2 10 2 28 6 2 1 1 2 2 2 13 19 30 2 2 1
1 2 2 2 2 2 2 2 2 1 1 2 8 18 19 2 19 2 11 1 1 2 26 2 21 2 2 2 2 1 1 17 2 2 2 2 2 11 2 1 1 2 2 2 2 2 22 30 1 1 1 1 2 2 9 2 5 19 15 1 1 2 16 2 6 2 2 2 5 1 1 2 11 23 4 21 2 2 2 1 1 17 2 6 2 17 2 2 6 1 1 18 4 2 16 2 14 2 2 1
1 2 2 2 2 2 2 2 2 1 1 2 11 10 21 2 2 2 2 1 1 2 2 2 19 2 2 6 2 1 1 4 2 2 5 31 2 2 2 1 1 21 2 13 2 25 2 28 1 1 1 1 2 31 2 2 2 2 32 1 1 16 2 2 10 2 32 2 2 1 1 30 19 30 2 25 2 2 2 1 1 2 4 11 2 2 2 2 19 1 1 2 2 2 2 19 20 2 2 1
1 2 2 2 2 2 2 2 2 1 1 25 2 2 2 2 24 2 2 1 1 25 15 2 7 5 2 2 31 1 1 31 2 2 19 29 2 2 2 1 1 2 2 2 2 2 22 2 1 1 1 1 2 2 18 18 13 2 2 1 1 23 26 2 2 24 2 2 2 1 1 2 2 2 28 2 2 30 2 1 1 24 2 2 2 22 2 2 27 1 1 2 14 31 2 13 2 2 2 1
1 2 2 2 2 2 16 2 2 1 1 25 2 2 12 2 16 15 8 1 1 2 2 2 2 2 23 10 2 1 1 16 20 2 2 2 2 2 18 1 1 18 21 2 20 14 2 2 1 1 1 1 23 2 2 7 2 2 2 1 1 2 23 2 2 2 25 2 2 1 1 28 2 2 2 2 2 2 23 1 1 2 2 2 2 2 27 2 2 1 1 2 2 27 24 28 5 2 2 1
1 2 2 2 25 23 2 2 19 1 1 2 2 2 2 2 2 27 2 1 1 2 2 2 30 21 2 23 4 1 1 2 2 2 10 2 20 2 2 1 1 2 26 2 2 2 2 2 1 1 1 1 2 8 2 2 2 22 2 1 1 2 13 2 2 2 2 25 24 1 1 2 2 2 2 2 2 2 22 1 1 18 2 2 26 2 2 2 2 1 1 2 2 2 2 2 2 2 9 1
1 1 1 1 1 1 1 1 1 1 1 1 1 1 1 1 1 1 1 1 1 1 1 1 1 1 1 1 1 1 1 1 1 1 1 1 1 1 1 1 1 1 1 1 1 1 1 1 1 1 1 1 1 1 1 1 1 1 1 1 1 1 1 1 1 1 1 1 1 1 1 1 1 1 1 1 1 1 1 1 1 1 1 1 1 1 1 1 1 1 1 1 1 1 1 1 1 1 1 1
1 1 1 1 1 1 1 1 1 1 1 1 1 1 1 1 1 1 1 1 1 1 1 1 1 1 1 1 1 1 1 1 1 1 1 1 1 1 1 1 1 1 1 1 1 1 1 1 1 1 1 1 1 1 1 1 1 1 1 1 1 1 1 1 1 1 1 1 1 1 1 1 1 1 1 1 1 1 1 1 1 1 1 1 1 1 1 1 1 1 1 1 1 1 1 1 1 1 1 1

