100 100
1 1 1 1 1 1 1 1 1 1 1 1 1 1 1 1 1 1 1 1 1 1 1 1 1 1 1 1 1 1 1 1 1 1 1 1 1 1 1 1 1 1 1 1 1 1 1 1 1 1 1 1 1 1 1 1 1 1 1 1 1 1 1 1 1 1 1 1 1 1 1 1 1 1 1 1 1 1 1 1 1 1 1 1 1 1 1 1 1 1 1 1 1 1 1 1 1 1 1 1
1 1 1 1 1 1 1 1 1 1 1 1 1 1 1 1 1 1 1 1 1 1 1 1 1 1 1 1 1 1 1 1 1 1 1 1 1 1 1 1 1 1 1 1 1 1 1 1 1 1 1 1 1 1 1 1 1 1 1 1 1 1 1 1 1 1 1 1 1 1 1 1 1 1 1 1 1 1 1 1 1 1 1 1 1 1 1 1 1 1 1 1 1 1 1 1 1 1 1 1
1 2 2 25 2 16 2 2 2 1 1 2 2 2 2 2 2 6 2 1 1 14 2 2 42 39 2 14 2 1 1 2 2 2 2 28 2 2 2 1 1 54 22 2 16 2 2 47 1 1 1 1 2 52 37 2 2 59 2 1 1 2 2 2 2 2 2 2 2 1 1 43 2 46 2 51 19 33 2 1 1 19 2 2 2 2 2 2 29 1 1 48 2 2 2 2 2 2 2 1
1 2 2 2 2 2 2 2 2 1 1 33 2 2 20 2 16 2 2 1 1 2 2 2 34 2 2 16 48 1 1 2 52 2 2 2 2 2 2 1 1 2 2 2 2 2 2 2 1 1 1 1 2 10 2 2 2 2 2 1 1 2 32 2 32 2 2 2 2 1 1 2 32 38 2 2 2 2 2 1 1 2 2 2 46 2 2 26 2 1 1 57 2 2 2 2 2 37 2 1
1 11 2 2 2 17 2 2 2 1 1 35 22 5 38 2 2 34 2 1 1 32 2 46 8 2 2 2 19 1 1 15 2 15 2 19 16 2 2 1 1 37 2 2 2 2 2 2 1 1 1 1 16 2 2 2 35 2 2 1 1 57 31 47 2 2 2 2 2 1 1 2 2 2 5 2 7 2 7 1 1 18 2 2 55 2 2 45 2 1 1 2 2 41 2 2 53 2 54 1
1 2 53 2 22 2 2 2 2 1 1 2 2 2 2 2 2 50 2 1 1 2 2 16 2 2 2 2 2 1 1 13 2 43 2 2 2 2 16 1 1 2 9 27 2 2 2 28 1 1 1 1 7 2 2 2 35 2 2 1 1 2 2 2 2 2 2 2 2 1 1 2 36 2 2 2 2 2 2 1 1 2 2 2 2 2 2 50 2 1 1 2 2 2 2 2 2 2 2 1
1 2 2 2 58 2 2 2 2 1 1 2 2 2 2 16 2 2 2 1 1 43 2 60 27 2 2 2 2 1 1 2 26 2 2 2 2 2 2 1 1 2 41 2 2 2 38 44 1 1 1 1 51 2 2 2 2 2 9 1 1 2 2 2 36 9 12 2 2 1 1 2 2 58 45 5 37 2 2 1 1 2 38 7 36 53 2 2 2 1 1 62 47 51 2 2 17 2 2 1
1 2 14 60 2 2 2 2 2 1 1 2 2 2 23 35 2 2 2 1 1 2 2 56 2 7 2 2 50 1 1 41 50 63 2 2 2 16 2 1 1 2 56 2 2 2 2 2 1 1 1 1 2 13 2 2 2 2 2 1 1 2 2 2 2 2 2 2 2 1 1 38 2 2 2 2 21 49 31 1 1 2 15 2 2 35 2 2 4 1 1 41 2 2 2 56 57 2 2 1
1 2 61 2 2 2 2 2 36 1 1 27 2 2 2 2 2 46 2 1 1 48 35 2 2 2 2 2 16 1 1 2 2 2 22 2 40 2 2 1 1 2 2 2 21 2 7 2 1 1 1 1 2 42 2 2 2 2 2 1 1 39 18 2 2 2 62 2 2 1 1 2 2 46 2 2 2 2 2 1 1 2 2 2 2 2 2 51 2 1 1 19 24 2 2 2 2 2 11 1
1 2 15 2 53 2 2 2 2 1 1 2 38 2 2 2 40 2 2 1 1 2 2 2 2 38 41 2 2 1 1 2 49 2 50 2 2 2 2 1 1 2 2 2 2 6 2 2 1 1 1 1 2 47 2 2 23 5 2 1 1 47 2 17 18 2 2 2 2 1 1 2 2 2 2 2 2 2 61 1 1 40 2 2 2 2 2 2 35 1 1 2 2 2 2 48 57 2 13 1
1 2 2 2 2 56 2 2 46 1 1 17 2 2 2 2 2 58 2 1 1 2 43 2 2 2 2 2 2 1 1 40 2 2 2 2 2 2 2 1 1 2 9 57 2 2 31 2 1 1 1 1 2 58 2 49 2 2 2 1 1 2 2 2 2 2 2 2 2 1 1 2 2 2 2 2 61 2 2 1 1 51 2 2 24 2 2 2 43 1 1 2 2 2 2 30 2 2 2 1
1 2 58 2 2 2 17 20 39 1 1 2 2 63 2 2 58 2 2 1 1 16 2 36 2 2 2 2 2 1 1 2 2 2 2 21 44 46 13 1 1 51 56 2 16 2 40 7 1 1 1 1 2 28 28 37 2 2 44 1 1 6 2 2 2 2 2 53 2 1 1 2 2 2 14 2 2 2 28 1 1 23 17 2 2 2 27 2 2 1 1 2 9 11 2 2 2 2 2 1
1 2 2 2 2 2 31 2 2 1 1 2 2 2 2 2 2 2 2 1 1 46 35 2 2 2 6 2 14 1 1 2 2 2 4 2 2 53 28 1 1 2 11 2 2 2 2 58 1 1 1 1 2 38 4 50 16 2 13 1 1 2 2 26 2 15 2 2 2 1 1 37 7 2 2 2 37 2 22 1 1 53 2 2 2 2 2 2 2 1 1 2 2 2 2 2 2 54 2 1
1 61 34 2 2 32 2 7 34 1 1 56 60 2 2 13 2 2 2 1 1 2 2 2 2 2 2 36 2 1 1 2 2 15 32 2 2 2 4 1 1 2 2 2 33 2 8 2 1 1 1 1 4 28 36 2 2 2 50 1 1 2 21 2 2 34 2 2 2 1 1 2 2 2 2 2 2 44 2 1 1 2 2 21 2 2 2 8 2 1 1 2 2 2 2 2 2 2 2 1
1 1 1 1 1 1 1 1 1 1 1 1 1 1 1 1 1 1 1 1 1 1 1 1 1 1 1 1 1 1 1 1 1 1 1 1 1 1 1 1 1 1 1 1 1 1 1 1 1 1 1 1 1 1 1 1 1 1 1 1 1 1 1 1 1 1 1 1 1 1 1 1 1 1 1 1 1 1 1 1 1 1 1 1 1 1 1 1 1 1 1 1 1 1 1 1 1 1 1 1
1 1 1 1 1 1 1 1 1 1 1 1 1 1 1 1 1 1 1 1 1 1 1 1 1 1 1 1 1 1 1 1 1 1 1 1 1 1 1 1 1 1 1 1 1 1 1 1 1 1 1 1 1 1 1 1 1 1 1 1 1 1 1 1 1 1 1 1 1 1 1 1 1 1 1 1 1 1 1 1 1 1 1 1 1 1 1 1 1 1 1 1 1 1 1 1 1 1 1 1
1 31 2 2 2 2 2 33 2 1 1 13 2 2 2 25 2 2 2 1 1 2 2 2 56 2 10 2 62 1 1 2 2 2 2 11 2 2 2 1 1 2 2 2 2 63 2 2 1 1 1 1 52 2 2 60 2 2 48 1 1 2 8 2 47 2 2 2 2 1 1 2 2 57 2 2 2 35 36 1 1 2 2 2 2 57 2 43 2 1 1 30 2 15 2 2 2 2 2 1
1 2 2 22 15 57 2 2 2 1 1 2 41 50 2 2 53 62 2 1 1 2 2 2 2 2 11 2 18 1 1 63 2 2 2 2 2 2 2 1 1 14 2 2 2 27 2 2 1 1 1 1 27 2 61 16 2 46 2 1 1 2 2 2 2 2 2 2 2 1 1 2 2 2 36 2 2 56 2 1 1 2 39 2 2 2 2 21 2 1 1 2 2 2 6 47 2 2 2 1
1 6 2 2 8 2 6 42 2 1 1 42 11 16 2 29 2 62 2 1 1 2 2 22 2 30 2 2 2 1 1 46 2 2 2 11 2 2 34 1 1 56 34 2 2 59 2 2 1 1 1 1 2 2 22 2 2 2 2 1 1 4 60 2 2 2 2 2 2 1 1 2 2 5 2 2 2 50 2 1 1 2 2 18 2 2 2 2 43 1 1 2 59 2 21 2 2 2 2 1
1 2 16 2 2 2 2 2 2 1 1 2 50 2 2 2 47 2 49 1 1 2 62 47 39 2 16 20 2 1 1 25 2 2 2 2 2 2 2 1 1 6 29 12 2 47 6 2 1 1 1 1 8 2 48 2 56 56 60 1 1 2 2 20 5 5 2 2 2 1 1 2 2 2 2 2 2 2 11 1 1 2 2 2 2 2 2 2 46 1 1 2 2 2 2 2 16 2 2 1
1 2 2 35 2 2 49 2 2 1 1 9 2 2 2 2 2 2 2 1 1 2 2 2 2 2 41 2 16 1 1 2 46 2 2 2 2 21 2 1 1 2 2 2 2 2 2 2 1 1 1 1 34 2 46 2 30 23 2 1 1 2 15 16 2 2 2 9 2 1 1 16 49 52 38 2 2 2 2 1 1 2 2 45 2 50 2 23 57 1 1 2 25 2 2 20 2 2 2 1
1 13 2 2 2 2 2 2 2 1 1 24 2 2 39 2 2 2 5 1 1 37 2 52 2 2 42 2 2 1 1 2 51 2 2 36 36 4 42 1 1 24 4 2 2 2 2 2 1 1 1 1 53 2 2 11 39 2 2 1 1 21 2 2 17 61 35 44 2 1 1 63 2 54 2 34 2 2 24 1 1 2 2 30 2 21 2 24 2 1 1 2 30 2 19 2 2 2 48 1
1 2 2 2 2 52 2 2 2 1 1 2 2 2 2 2 28 9 2 1 1 2 2 2 2 8 16 2 2 1 1 2 2 2 2 25 2 2 2 1 1 2 2 37 2 11 2 2 1 1 1 1 6 2 2 2 33 2 2 1 1 2 2 36 6 2 57 2 53 1 1 2 2 2 2 2 39 2 28 1 1 2 38 2 2 2 2 2 2 1 1 54 2 2 2 2 2 2 2 1
1 2 18 15 2 2 2 2 15 1 1 2 20 2 14 2 2 2 2 1 1 2 2 2 2 2 2 44 26 1 1 31 56 2 2 2 2 29 2 1 1 2 2 2 2 2 2 2 1 1 1 1 2 43 2 2 54 2 2 1 1 22 22 2 33 2 2 2 46 1 1 2 2 2 2 2 2 59 2 1 1 2 39 2 15 5 62 19 2 1 1 2 2 2 2 2 2 2 2 1
1 12 53 2 48 44 2 2 2 1 1 2 2 2 2 56 2 2 2 1 1 2 2 2 53 2 2 2 2 1 1 2 2 2 11 2 2 2 2 1 1 55 2 2 2 35 2 2 1 1 1 1 55 2 20 2 2 30 33 1 1 2 2 54 2 19 2 15 2 1 1 53 2 2 4 11 26 60 2 1 1 4 2 2 30 35 33 2 2 1 1 2 2 2 9 8 2 2 2 1
1 2 2 2 2 5 2 2 2 1 1 2 2 2 2 57 48 2 2 1 1 12 2 8 2 25 2 30 2 1 1 10 45 2 45 14 2 2 27 1 1 2 2 2 2 21 2 2 1 1 1 1 2 2 51 45 2 2 41 1 1 2 2 46 2 60 25 50 2 1 1 62 2 2 36 2 22 2 2 1 1 2 2 2 2 2 2 2 2 1 1 2 2 2 2 2 2 2 2 1
1 8 35 2 2 2 62 2 2 1 1 2 2 41 2 48 29 2 2 1 1 44 2 2 2 2 16 2 2 1 1 32 21 2 2 2 2 2 2 1 1 2 2 2 2 45 2 2 1 1 1 1 6 2 2 6 2 59 2 1 1 37 2 2 2 2 2 2 42 1 1 2 19 48 2 2 59 2 6 1 1 2 11 2 16 2 2 2 2 1 1 36 2 2 18 2 2 2 2 1
1 21 2 2 42 54 2 2 50 1 1 2 60 2 2 27 25 2 2 1 1 2 2 2 2 2 2 2 61 1 1 2 2 2 11 2 2 2 2 1 1 2 2 2 4 2 19 2 1 1 1 1 4 2 2 53 2 2 27 1 1 2 58 7 2 4 2 2 35 1 1 17 45 17 2 2 2 2 2 1 1 2 2 36 2 29 47 2 2 1 1 2 41 8 2 4 54 2 7 1
1 1 1 1 1 1 1 1 1 1 1 1 1 1 1 1 1 1 1 1 1 1 1 1 1 1 1 1 1 1 1 1 1 1 1 1 1 1 1 1 1 1 1 1 1 1 1 1 1 1 1 1 1 1 1 1 1 1 1 1 1 1 1 1 1 1 1 1 1 1 1 1 1 1 1 1 1 1 1 1 1 1 1 1 1 1 1 1 1 1 1 1 1 1 1 1 1 1 1 1
1 1 1 1 1 1 1 1 1 1 1 1 1 1 1 1 1 1 1 1 1 1 1 1 1 1 1 1 1 1 1 1 1 1 1 1 1 1 1 1 1 1 1 1 1 1 1 1 1 1 1 1 1 1 1 1 1 1 1 1 1 1 1 1 1 1 1 1 1 1 1 1 1 1 1 1 1 1 1 1 1 1 1 1 1 1 1 1 1 1 1 1 1 1 1 1 1 1 1 1
1 2 29 13 2 2 2 2 2 1 1 52 2 2 2 2 16 2 2 1 1 2 2 2 2 6 2 2 2 1 1 2 2 2 2 54 2 21 2 1 1 59 2 50 2 2 2 2 1 1 1 1 2 32 2 13 2 2 33 1 1 2 58 2 2 2 44 2 2 1 1 55 2 2 2 2 63 2 2 1 1 46 2 6 2 2 2 2 9 1 1 2 2 51 2 2 23 46 2 1
1 2 12 2 2 2 47 2 2 1 1 29 2 2 2 2 2 50 2 1 1 2 2 2 22 39 2 13 2 1 1 2 25 2 2 55 2 2 59 1 1 2 4 59 2 61 2 22 1 1 1 1 2 2 2 2 2 2 2 1 1 2 2 2 12 2 2 49 48 1 1 2 2 2 2 2 2 35 2 1 1 38 2 2 2 2 33 37 2 1 1 2 2 2 2 2 2 2 2 1
1 2 2 2 2 2 49 27 2 1 1 2 2 2 59 2 2 9 2 1 1 18 2 5 2 2 2 51 2 1 1 2 2 2 2 2 2 10 2 1 1 2 2 2 51 2 2 2 1 1 1 1 2 2 2 2 2 2 2 1 1 2 56 50 44 2 2 58 2 1 1 2 2 63 2 41 2 2 2 1 1 2 2 2 2 2 8 2 2 1 1 4 2 35 60 2 59 25 2 1
1 2 40 2 2 2 2 2 2 1 1 2 2 2 2 9 2 58 2 1 1 2 2 2 2 17 2 2 2 1 1 2 2 2 2 2 2 9 2 1 1 2 2 2 2 2 60 6 1 1 1 1 2 2 2 2 2 23 2 1 1 2 2 2 2 2 55 2 2 1 1 2 2 2 27 2 30 23 15 1 1 43 2 2 2 2 55 6 30 1 1 4 2 2 2 58 2 2 50 1
1 48 2 36 2 31 55 2 10 1 1 2 2 45 51 2 2 2 2 1 1 2 2 2 9 2 2 2 2 1 1 45 2 2 2 2 45 2 61 1 1 63 32 2 62 2 2 33 1 1 1 1 2 2 10 2 2 2 32 1 1 2 54 8 25 2 38 26 2 1 1 14 2 2 15 2 2 22 44 1 1 24 2 2 2 2 2 23 24 1 1 13 34 2 36 2 2 2 2 1
1 2 59 2 2 7 2 2 2 1 1 2 2 2 2 2 2 2 2 1 1 2 39 10 2 2 2 40 2 1 1 20 2 29 50 63 2 7 2 1 1 2 2 2 41 32 2 2 1 1 1 1 53 40 13 2 2 2 2 1 1 2 11 2 40 23 2 2 58 1 1 2 2 4 34 2 2 2 60 1 1 18 2 2 8 2 47 2 2 1 1 2 62 2 2 2 2 10 2 1
1 9 13 44 2 2 2 2 2 1 1 2 2 2 2 2 2 38 2 1 1 4 2 2 30 2 49 60 2 1 1 2 2 12 42 47 2 2 41 1 1 2 2 2 61 2 2 2 1 1 1 1 2 2 44 2 2 2 49 1 1 2 54 2 2 37 29 2 2 1 1 52 2 16 28 2 2 2 2 1 1 2 2 47 2 2 2 2 2 1 1 25 2 2 2 2 2 47 2 1
1 2 27 2 2 2 2 2 2 1 1 2 2 2 2 2 52 2 2 1 1 2 2 2 30 2 2 33 28 1 1 2 2 2 2 19 2 2 2 1 1 2 2 59 43 2 2 2 1 1 1 1 2 2 43 2 55 2 2 1 1 2 2 2 2 56 2 2 2 1 1 2 2 2 2 2 2 48 32 1 1 13 2 51 4 2 2 16 58 1 1 2 2 2 17 2 2 14 2 1
1 2 2 8 44 2 2 2 58 1 1 2 2 19 2 2 29 18 2 1 1 2 2 22 2 2 33 10 24 1 1 2 46 32 2 40 2 2 36 1 1 2 5 2 2 2 2 2 1 1 1 1 2 2 2 63 2 2 9 1 1 2 2 2 46 2 2 2 49 1 1 44 2 43 2 2 2 6 2 1 1 47 9 2 24 37 2 2 42 1 1 2 2 53 5 2 53 2 17 1
1 39 13 31 2 2 2 2 2 1 1 50 2 40 2 2 2 2 21 1 1 22 35 2 2 2 2 2 2 1 1 56 2 2 2 2 2 2 2 1 1 2 2 2 2 2 2 2 1 1 1 1 62 2 10 32 2 46 2 1 1 39 2 2 2 23 23 2 31 1 1 2 48 2 29 2 50 2 43 1 1 2 44 2 22 2 2 2 2 1 1 2 2 2 2 2 2 25 2 1
1 2 2 2 2 2 2 2 2 1 1 2 2 2 2 2 2 2 2 1 1 2 2 2 2 56 2 2 2 1 1 2 2 51 2 2 2 2 41 1 1 2 4 2 50 2 2 2 1 1 1 1 2 2 2 2 6 56 2 1 1 27 35 15 2 9 2 50 2 1 1 2 2 63 24 24 2 2 2 1 1 2 2 2 2 9 2 2 16 1 1 2 62 2 22 38 61 2 2 1
1 51 2 42 13 10 2 40 2 1 1 63 2 2 2 22 2 2 16 1 1 2 32 2 2 2 2 2 2 1 1 26 2 2 2 2 2 2 2 1 1 2 2 56 2 14 2 2 1 1 1 1 2 2 2 2 2 2 2 1 1 63 2 2 2 9 22 2 27 1 1 2 2 58 27 2 42 2 2 1 1 2 2 18 15 2 2 2 2 1 1 45 19 2 2 2 2 2 2 1
1 1 1 1 1 1 1 1 1 1 1 1 1 1 1 1 1 1 1 1 1 1 1 1 1 1 1 1 1 1 1 1 1 1 1 1 1 1 1 1 1 1 1 1 1 1 1 1 1 1 1 1 1 1 1 1 1 1 1 1 1 1 1 1 1 1 1 1 1 1 1 1 1 1 1 1 1 1 1 1 1 1 1 1 1 1 1 1 1 1 1 1 1 1 1 1 1 1 1 1
1 1 1 1 1 1 1 1 1 1 1 1 1 1 1 1 1 1 1 1 1 1 1 1 1 1 1 1 1 1 1 1 1 1 1 1 1 1 1 1 1 1 1 1 1 1 1 1 1 1 1 1 1 1 1 1 1 1 1 1 1 1 1 1 1 1 1 1 1 1 1 1 1 1 1 1 1 1 1 1 1 1 1 1 1 1 1 1 1 1 1 1 1 1 1 1 1 1 1 1
1 2 2 7 2 2 2 2 2 1 1 2 2 10 2 2 2 2 4 1 1 57 2 43 2 2 2 2 2 1 1 59 2 2 57 2 2 55 2 1 1 2 2 22 2 31 2 36 1 1 1 1 2 2 58 2 25 2 2 1 1 2 2 2 48 2 2 2 2 1 1 2 62 63 2 2 2 2 41 1 1 46 2 50 2 2 40 2 23 1 1 2 45 2 42 2 2 7 2 1
1 52 2 2 2 2 2 2 22 1 1 31 2 37 2 2 38 2 2 1 1 25 51 50 2 55 16 2 2 1 1 2 2 2 2 2 2 2 2 1 1 2 2 2 2 2 18 37 1 1 1 1 12 2 2 32 57 2 2 1 1 2 11 2 2 2 2 2 2 1 1 57 2 2 2 2 30 13 2 1 1 2 2 2 2 2 2 2 2 1 1 33 2 2 2 2 56 57 2 1
1 2 2 41 2 2 2 2 39 1 1 2 2 62 2 2 30 61 2 1 1 37 8 2 2 2 2 42 2 1 1 20 2 60 23 5 2 8 18 1 1 2 2 2 2 2 2 2 1 1 1 1 2 2 2 2 7 52 56 1 1 2 26 26 6 7 40 2 33 1 1 2 2 2 2 2 2 2 2 1 1 54 2 2 2 2 2 2 8 1 1 2 2 2 2 2 18 47 2 1
1 2 2 2 48 2 2 2 2 1 1 2 34 4 2 2 2 2 2 1 1 2 2 7 2 2 63 2 15 1 1 2 40 2 2 2 2 2 2 1 1 2 2 2 40 2 2 2 1 1 1 1 2 6 2 2 2 2 2 1 1 2 2 2 2 45 6 2 11 1 1 6 2 48 2 2 2 2 28 1 1 2 2 2 2 2 2 2 2 1 1 7 2 2 2 2 4 2 54 1
1 2 2 35 26 30 2 2 13 1 1 46 2 9 2 2 2 2 2 1 1 5 2 36 2 2 38 2 2 1 1 2 2 2 2 15 2 2 48 1 1 2 30 21 8 2 2 2 1 1 1 1 29 2 2 2 2 2 2 1 1 31 2 2 16 2 2 2 2 1 1 2 2 2 47 36 2 2 43 1 1 23 2 2 20 2 2 12 2 1 1 2 2 2 2 2 2 2 13 1
1 2 2 20 2 2 2 2 2 1 1 2 22 2 2 2 55 24 2 1 1 2 2 2 2 2 2 2 2 1 1 2 2 17 2 2 2 2 2 1 1 2 2 25 2 2 21 2 1 1 1 1 25 2 2 2 61 35 23 1 1 2 2 2 2 7 16 2 2 1 1 2 49 2 2 44 52 2 2 1 1 2 2 2 16 25 2 2 60 1 1 2 2 2 2 2 17 2 2 1
1 2 2 8 2 2 2 2 2 1 1 2 2 58 2 2 2 2 2 1 1 2 2 2 2 2 2 2 19 1 1 2 2 2 2 2 2 2 2 1 1 2 2 19 2 29 2 2 1 1 1 1 61 2 29 2 2 14 2 1 1 59 2 2 2 2 2 28 2 1 1 2 2 48 2 31 2 2 62 1 1 2 30 2 2 2 50 26 2 1 1 2 2 21 55 2 2 2 2 1
1 2 37 27 2 18 2 2 45 1 1 2 2 58 2 5 43 2 2 1 1 2 22 2 2 2 2 2 2 1 1 2 2 2 2 2 2 2 2 1 1 2 2 2 2 2 2 2 1 1 1 1 40 2 2 2 2 2 34 1 1 2 2 2 18 2 2 2 40 1 1 2 2 38 49 23 2 2 2 1 1 2 2 59 2 2 17 2 2 1 1 2 4 2 56 2 14 2 2 1
1 2 2 2 54 2 11 2 62 1 1 2 2 2 25 2 2 6 40 1 1 2 2 2 2 2 2 2 12 1 1 11 2 30 27 2 22 2 2 1 1 59 4 2 2 27 57 14 1 1 1 1 2 2 2 2 2 2 2 1 1 2 2 2 2 2 39 2 2 1 1 54 2 2 2 2 4 2 2 1 1 29 2 17 2 18 11 2 56 1 1 2 2 2 2 2 2 31 2 1
1 2 62 57 2 38 2 2 2 1 1 2 2 2 29 2 2 46 2 1 1 2 2 2 23 2 2 49 2 1 1 2 55 38 2 2 2 2 2 1 1 8 2 2 56 9 26 2 1 1 1 1 2 2 2 2 2 2 6 1 1 2 2 2 2 2 20 2 2 1 1 2 2 2 2 39 2 2 2 1 1 2 2 2 32 2 2 2 5 1 1 2 2 2 6 2 44 2 59 1
1 34 24 13 2 21 2 2 2 1 1 12 2 17 56 2 2 2 2 1 1 44 2 2 2 6 2 2 13 1 1 2 2 2 18 2 2 2 15 1 1 2 55 44 2 2 2 36 1 1 1 1 2 2 2 2 47 2 62 1 1 54 56 2 62 29 2 13 2 1 1 19 41 2 50 15 2 2 2 1 1 2 2 2 2 21 28 2 2 1 1 2 58 2 2 7 2 2 2 1
1 1 1 1 1 1 1 1 1 1 1 1 1 1 1 1 1 1 1 1 1 1 1 1 1 1 1 1 1 1 1 1 1 1 1 1 1 1 1 1 1 1 1 1 1 1 1 1 1 1 1 1 1 1 1 1 1 1 1 1 1 1 1 1 1 1 1 1 1 1 1 1 1 1 1 1 1 1 1 1 1 1 1 1 1 1 1 1 1 1 1 1 1 1 1 1 1 1 1 1
1 1 1 1 1 1 1 1 1 1 1 1 1 1 1 1 1 1 1 1 1 1 1 1 1 1 1 1 1 1 1 1 1 1 1 1 1 1 1 1 1 1 1 1 1 1 1 1 1 1 1 1 1 1 1 1 1 1 1 1 1 1 1 1 1 1 1 1 1 1 1 1 1 1 1 1 1 1 1 1 1 1 1 1 1 1 1 1 1 1 1 1 1 1 1 1 1 1 1 1
1 1 1 1 1 1 1 1 1 1 1 1 1 1 1 1 1 1 1 1 1 1 1 1 1 1 1 1 1 1 1 1 1 1 1 1 1 1 1 1 1 1 1 1 1 1 1 1 1 1 1 1 1 1 1 1 1 1 1 1 1 1 1 1 1 1 1 1 1 1 1 1 1 1 1 1 1 1 1 1 1 1 1 1 1 1 1 1 1 1 1 1 1 1 1 1 1 1 1 1
1 1 1 1 1 1 1 1 1 1 1 1 1 1 1 1 1 1 1 1 1 1 1 1 1 1 1 1 1 1 1 1 1 1 1 1 1 1 1 1 1 1 1 1 1 1 1 1 1 1 1 1 1 1 1 1 1 1 1 1 1 1 1 1 1 1 1 1 1 1 1 1 1 1 1 1 1 1 1 1 1 1 1 1 1 1 1 1 1 1 1 1 1 1 1 1 1 1 1 1
1 2 19 2 2 2 21 2 23 1 1 2 2 2 2 2 13 2 44 1 1 2 2 2 38 2 54 2 2 1 1 2 18 59 2 2 7 2 2 1 1 2 2 2 45 2 2 2 1 1 1 1 9 2 63 2 2 53 2 1 1 2 28 21 2 61 2 2 2 1 1 40 2 2 2 2 2 2 11 1 1 2 26 31 2 2 2 2 2 1 1 2 60 2 45 2 2 2 2 1
1 2 2 8 2 2 2 2 48 1 1 37 32 49 2 2 41 54 2 1 1 62 2 2 63 18 2 2 2 1 1 59 2 2 2 2 2 27 2 1 1 49 8 2 2 2 2 2 1 1 1 1 2 2 53 2 2 2 2 1 1 2 2 2 2 6 46 2 2 1 1 2 2 2 4 2 2 2 40 1 1 2 40 2 2 2 2 2 6 1 1 23 2 53 41 2 2 2 2 1
1 30 34 2 2 37 2 2 6 1 1 2 9 50 16 2 4 2 2 1 1 30 2 57 8 2 2 2 2 1 1 2 29 2 2 2 2 2 2 1 1 2 2 2 2 2 2 2 1 1 1 1 2 2 2 2 2 2 2 1 1 2 2 2 2 2 2 2 2 1 1 2 2 2 2 2 34 27 2 1 1 47 2 35 2 2 2 2 20 1 1 2 2 2 2 2 5 2 2 1
1 2 53 31 21 2 2 2 2 1 1 2 2 50 2 2 45 2 2 1 1 2 2 2 56 13 43 33 2 1 1 2 2 2 2 43 2 2 2 1 1 2 2 2 62 2 6 51 1 1 1 1 2 17 2 9 2 2 2 1 1 2 2 2 2 21 2 2 2 1 1 43 2 45 2 2 36 2 2 1 1 32 10 55 30 2 2 34 2 1 1 2 2 22 2 2 32 58 2 1
1 2 8 2 2 2 57 2 50 1 1 21 52 2 2 2 2 2 2 1 1 2 2 2 2 57 2 2 57 1 1 2 8 42 2 55 52 12 2 1 1 2 2 2 2 2 2 2 1 1 1 1 2 8 2 2 2 2 2 1 1 2 2 63 46 43 2 2 2 1 1 2 2 28 2 2 2 44 2 1 1 61 2 2 25 2 18 2 2 1 1 2 2 2 2 2 18 2 2 1
1 2 2 2 2 2 14 2 2 1 1 2 2 2 33 2 2 2 12 1 1 2 2 2 2 15 2 20 2 1 1 2 2 25 2 2 2 47 2 1 1 2 56 30 2 2 38 41 1 1 1 1 60 2 54 2 2 2 2 1 1 33 2 54 13 2 2 2 2 1 1 2 2 2 2 2 2 2 2 1 1 62 2 2 2 2 2 39 50 1 1 2 2 2 2 2 2 2 16 1
1 2 2 44 23 2 2 2 2 1 1 2 12 2 2 29 2 59 2 1 1 2 36 2 2 41 30 9 2 1 1 2 17 35 2 15 2 2 2 1 1 29 44 54 2 2 2 35 1 1 1 1 33 4 2 2 2 13 47 1 1 38 2 2 46 35 2 2 2 1 1 2 2 2 2 2 2 60 17 1 1 2 2 2 2 2 2 2 34 1 1 2 2 8 2 2 2 2 2 1
1 2 2 2 2 2 44 2 2 1 1 2 2 9 2 58 2 2 2 1 1 2 22 2 49 2 2 21 2 1 1 2 45 2 2 8 2 32 2 1 1 2 2 2 2 2 2 2 1 1 1 1 2 2 2 2 2 30 2 1 1 2 2 22 62 2 31 2 2 1 1 46 23 61 2 2 2 2 2 1 1 2 2 2 26 60 12 2 2 1 1 2 35 44 38 2 2 2 2 1
1 2 2 2 2 2 11 20 2 1 1 22 2 2 2 53 2 6 62 1 1 2 14 6 2 27 2 2 2 1 1 2 2 37 2 2 2 2 15 1 1 11 2 2 2 2 2 2 1 1 1 1 39 55 2 40 9 57 41 1 1 2 52 48 2 2 2 2 28 1 1 2 2 16 2 2 2 2 2 1 1 42 2 2 34 2 57 2 2 1 1 2 50 34 2 2 2 2 2 1
1 2 2 2 31 2 2 46 14 1 1 2 15 2 2 2 14 9 16 1 1 2 2 26 2 14 2 2 2 1 1 30 2 2 2 2 2 2 2 1 1 2 46 30 7 2 26 58 1 1 1 1 2 2 37 2 22 2 2 1 1 2 53 2 2 2 2 6 2 1 1 2 15 2 2 2 38 2 49 1 1 27 2 2 2 19 33 2 58 1 1 2 2 2 63 2 2 2 2 1
1 2 4 2 2 2 2 19 40 1 1 13 2 2 2 2 29 2 2 1 1 2 2 2 2 2 2 25 2 1 1 39 2 37 2 2 2 36 2 1 1 2 2 2 2 2 28 2 1 1 1 1 2 2 43 2 2 2 2 1 1 21 27 2 42 2 2 2 49 1 1 2 2 2 56 2 2 60 2 1 1 2 25 10 45 50 2 2 2 1 1 16 2 2 2 2 2 37 2 1
1 1 1 1 1 1 1 1 1 1 1 1 1 1 1 1 1 1 1 1 1 1 1 1 1 1 1 1 1 1 1 1 1 1 1 1 1 1 1 1 1 1 1 1 1 1 1 1 1 1 1 1 1 1 1 1 1 1 1 1 1 1 1 1 1 1 1 1 1 1 1 1 1 1 1 1 1 1 1 1 1 1 1 1 1 1 1 1 1 1 1 1 1 1 1 1 1 1 1 1
1 1 1 1 1 1 1 1 1 1 1 1 1 1 1 1 1 1 1 1 1 1 1 1 1 1 1 1 1 1 1 1 1 1 1 1 1 1 1 1 1 1 1 1 1 1 1 1 1 1 1 1 1 1 1 1 1 1 1 1 1 1 1 1 1 1 1 1 1 1 1 1 1 1 1 1 1 1 1 1 1 1 1 1 1 1 1 1 1 1 1 1 1 1 1 1 1 1 1 1
1 2 2 59 2 2 60 2 2 1 1 38 2 2 2 2 2 9 2 1 1 2 2 2 57 37 2 8 2 1 1 60 2 2 57 33 9 2 2 1 1 2 2 41 2 7 2 2 1 1 1 1 2 52 48 2 2 2 25 1 1 2 2 2 15 2 2 2 2 1 1 2 2 2 2 2 60 2 2 1 1 60 2 35 44 2 2 14 45 1 1 2 2 50 2 2 61 2 2 1
1 2 10 24 2 48 2 2 2 1 1 2 47 41 24 2 2 2 24 1 1 2 2 27 22 2 28 12 61 1 1 2 8 2 2 2 2 2 50 1 1 5 41 33 2 2 2 61 1 1 1 1 2 36 2 20 56 2 10 1 1 2 2 27 2 2 2 2 12 1 1 29 62 2 2 2 52 30 2 1 1 2 29 54 2 2 2 42 2 1 1 2 5 2 4 2 2 2 2 1
1 2 53 2 24 2 2 2 2 1 1 2 2 2 2 2 6 6 2 1 1 2 2 45 53 2 6 2 2 1 1 34 2 7 2 2 2 40 47 1 1 31 2 57 2 2 2 2 1 1 1 1 2 2 2 22 21 2 6 1 1 52 2 11 6 2 2 2 9 1 1 2 2 51 27 2 2 2 2 1 1 2 2 2 57 2 48 19 2 1 1 43 2 2 2 42 2 2 16 1
1 45 2 2 2 18 2 2 32 1 1 2 2 2 34 38 2 2 2 1 1 2 56 2 12 2 2 2 2 1 1 2 2 2 2 2 2 2 2 1 1 54 2 57 33 2 2 29 1 1 1 1 2 2 2 2 2 2 2 1 1 37 2 2 2 8 13 63 2 1 1 56 2 2 2 2 2 2 2 1 1 2 2 2 11 14 2 2 2 1 1 56 2 2 62 2 2 38 2 1
1 2 2 2 2 18 30 2 2 1 1 2 2 9 2 2 2 2 2 1 1 2 2 2 50 2 2 2 2 1 1 7 2 2 7 2 2 2 2 1 1 2 29 7 2 2 15 2 1 1 1 1 2 2 2 2 2 31 2 1 1 2 20 2 2 2 35 2 2 1 1 2 2 39 30 23 7 43 49 1 1 2 2 2 48 2 2 2 2 1 1 2 2 2 2 2 56 2 2 1
1 2 2 2 2 2 2 2 31 1 1 2 11 2 2 42 2 55 2 1 1 29 2 2 2 2 2 2 2 1 1 2 2 2 20 2 15 2 7 1 1 59 2 2 20 53 2 49 1 1 1 1 2 2 2 2 47 52 2 1 1 51 2 2 11 2 2 2 2 1 1 2 39 2 2 18 2 55 2 1 1 2 2 2 2 2 30 39 2 1 1 2 2 2 51 2 46 2 35 1
1 2 2 23 2 2 13 2 35 1 1 2 2 2 2 2 2 55 14 1 1 49 2 57 2 49 37 29 2 1 1 51 55 2 2 15 2 2 2 1 1 5 2 2 2 2 2 2 1 1 1 1 2 2 22 2 2 36 12 1 1 2 2 2 51 2 2 4 54 1 1 2 41 2 2 14 2 2 2 1 1 2 2 2 35 53 38 2 61 1 1 2 15 8 52 2 2 2 24 1
1 2 2 61 2 2 2 2 2 1 1 2 37 14 44 2 2 2 62 1 1 13 2 37 2 55 2 17 61 1 1 2 43 2 2 2 2 2 19 1 1 2 2 27 2 10 2 2 1 1 1 1 2 2 2 2 2 21 57 1 1 2 2 2 2 30 2 2 2 1 1 2 14 2 2 2 45 50 2 1 1 2 2 2 2 31 40 2 2 1 1 2 2 2 2 38 39 2 2 1
1 2 2 2 2 2 2 2 50 1 1 2 2 9 30 2 37 2 2 1 1 20 2 36 2 2 6 2 2 1 1 13 7 2 2 2 2 25 2 1 1 7 2 2 2 2 2 58 1 1 1 1 2 2 2 2 2 37 2 1 1 2 2 2 2 2 10 2 39 1 1 2 2 2 2 2 2 2 2 1 1 2 2 2 2 60 2 29 7 1 1 2 2 2 2 2 2 2 31 1
1 2 26 18 2 2 2 2 2 1 1 2 2 2 2 2 2 37 2 1 1 22 2 2 2 2 2 25 2 1 1 2 2 2 16 2 2 2 2 1 1 2 4 2 45 5 44 12 1 1 1 1 59 2 2 2 20 2 40 1 1 58 2 44 15 2 2 62 2 1 1 16 57 2 2 36 2 5 2 1 1 2 2 32 2 2 2 44 2 1 1 2 2 40 2 2 21 26 2 1
1 2 2 2 24 2 2 2 29 1 1 48 2 2 2 2 56 2 2 1 1 2 2 2 2 2 2 2 2 1 1 2 2 4 2 18 2 2 2 1 1 2 2 12 2 2 17 2 1 1 1 1 2 12 38 62 2 49 2 1 1 2 2 57 31 2 2 62 61 1 1 2 2 2 25 2 60 2 2 1 1 36 2 2 44 2 2 53 2 1 1 58 54 53 2 2 2 2 23 1
1 2 2 2 2 2 33 2 2 1 1 62 2 2 2 2 32 2 31 1 1 2 2 2 2 2 54 2 2 1 1 57 2 2 2 2 2 2 53 1 1 20 2 2 2 2 2 41 1 1 1 1 2 2 2 2 21 2 15 1 1 2 29 2 2 2 2 56 2 1 1 2 2 35 2 2 2 2 2 1 1 2 2 60 2 2 56 25 2 1 1 58 10 2 42 2 37 2 2 1
1 1 1 1 1 1 1 1 1 1 1 1 1 1 1 1 1 1 1 1 1 1 1 1 1 1 1 1 1 1 1 1 1 1 1 1 1 1 1 1 1 1 1 1 1 1 1 1 1 1 1 1 1 1 1 1 1 1 1 1 1 1 1 1 1 1 1 1 1 1 1 1 1 1 1 1 1 1 1 1 1 1 1 1 1 1 1 1 1 1 1 1 1 1 1 1 1 1 1 1
1 1 1 1 1 1 1 1 1 1 1 1 1 1 1 1 1 1 1 1 1 1 1 1 1 1 1 1 1 1 1 1 1 1 1 1 1 1 1 1 1 1 1 1 1 1 1 1 1 1 1 1 1 1 1 1 1 1 1 1 1 1 1 1 1 1 1 1 1 1 1 1 1 1 1 1 1 1 1 1 1 1 1 1 1 1 1 1 1 1 1 1 1 1 1 1 1 1 1 1
1 24 13 14 2 2 2 2 2 1 1 2 43 2 2 16 2 28 29 1 1 15 52 2 23 31 13 2 46 1 1 2 46 5 2 2 22 59 2 1 1 2 2 2 2 2 2 2 1 1 1 1 2 2 2 2 28 2 2 1 1 2 2 2 2 2 4 2 34 1 1 33 30 2 2 2 2 50 2 1 1 2 2 47 2 2 17 59 55 1 1 2 2 2 2 2 2 2 2 1
1 2 2 46 62 31 10 2 2 1 1 2 37 2 2 2 2 2 2 1 1 2 2 21 2 10 2 2 2 1 1 45 2 45 2 2 2 2 2 1 1 2 2 2 2 2 2 2 1 1 1 1 18 2 10 52 32 30 54 1 1 2 46 2 2 29 2 2 17 1 1 2 2 2 2 2 2 2 28 1 1 20 2 2 2 2 62 44 2 1 1 2 2 12 56 29 2 2 2 1
1 2 2 2 2 43 2 2 35 1 1 2 2 23 39 2 45 2 2 1 1 11 32 2 2 2 2 2 2 1 1 17 49 2 2 2 2 2 12 1 1 40 2 2 2 2 2 2 1 1 1 1 2 37 52 2 2 2 63 1 1 2 2 43 2 8 2 2 29 1 1 2 28 54 2 10 2 47 60 1 1 2 2 24 44 2 2 2 2 1 1 28 2 37 2 42 2 2 2 1
1 2 2 2 62 24 2 2 2 1 1 2 46 2 2 41 45 2 2 1 1 46 2 2 2 2 2 2 2 1 1 2 2 2 2 2 2 2 2 1 1 2 32 33 2 2 2 2 1 1 1 1 2 2 59 2 2 2 2 1 1 61 2 63 42 2 2 2 2 1 1 2 2 40 2 52 2 2 2 1 1 2 2 2 2 2 2 2 2 1 1 2 2 2 44 2 2 52 2 1
1 2 21 2 2 2 2 2 12 1 1 63 37 2 53 2 52 30 2 1 1 2 2 52 2 24 44 27 2 1 1 2 2 2 2 2 2 2 2 1 1 2 2 13 24 55 2 2 1 1 1 1 36 2 17 2 23 2 2 1 1 2 31 2 2 2 2 2 2 1 1 17 2 2 63 2 2 54 2 1 1 2 2 45 2 2 2 2 2 1 1 6 2 2 2 2 2 17 2 1
1 2 2 9 2 2 18 2 2 1 1 2 2 54 2 32 2 2 2 1 1 2 2 2 9 2 2 2 2 1 1 6 2 2 52 32 44 43 2 1 1 2 2 2 2 2 2 31 1 1 1 1 2 14 13 2 2 2 2 1 1 2 28 2 2 2 2 2 2 1 1 50 2 2 2 63 26 46 2 1 1 9 2 54 2 2 62 2 14 1 1 2 2 2 2 2 22 2 2 1
1 2 2 59 2 2 2 2 2 1 1 2 2 31 2 2 2 2 48 1 1 10 2 2 2 2 2 2 2 1 1 2 13 2 2 29 16 2 2 1 1 2 2 14 2 16 2 15 1 1 1 1 2 2 43 2 5 2 55 1 1 2 2 2 25 2 2 2 37 1 1 2 2 2 2 2 2 2 2 1 1 2 2 2 2 24 18 2 49 1 1 33 2 2 2 2 4 54 21 1
1 43 2 35 63 2 2 2 2 1 1 30 30 2 11 2 2 2 2 1 1 2 45 2 2 28 2 2 2 1 1 2 2 2 2 2 58 2 2 1 1 28 60 2 48 54 2 2 1 1 1 1 2 2 2 2 2 44 2 1 1 2 2 2 46 6 2 47 2 1 1 2 2 2 2 2 2 57 2 1 1 2 17 17 2 2 2 2 2 1 1 2 6 2 7 2 2 2 49 1
1 2 2 2 56 47 2 30 2 1 1 2 2 26 2 2 2 36 2 1 1 40 2 2 2 36 2 2 46 1 1 23 61 2 2 2 2 2 2 1 1 2 2 2 32 2 2 2 1 1 1 1 2 46 2 20 2 2 2 1 1 2 60 2 2 2 2 11 50 1 1 2 2 32 2 28 2 2 32 1 1 56 37 53 2 2 2 2 9 1 1 2 2 11 62 2 2 53 20 1
1 41 2 27 2 2 2 2 2 1 1 2 2 9 31 60 2 2 29 1 1 2 29 2 2 2 2 2 15 1 1 2 2 2 29 2 2 54 2 1 1 2 2 2 2 2 2 2 1 1 1 1 2 2 2 17 2 2 11 1 1 2 61 2 2 2 42 2 60 1 1 2 2 2 2 2 2 2 47 1 1 7 2 2 38 2 2 2 5 1 1 50 2 2 30 2 2 2 2 1
1 2 2 2 2 2 54 57 25 1 1 2 34 2 2 46 2 2 2 1 1 44 2 38 10 42 2 61 2 1 1 2 2 2 2 2 2 44 2 1 1 2 2 2 2 2 41 2 1 1 1 1 2 53 2 2 2 2 61 1 1 21 2 17 2 2 2 2 2 1 1 2 2 2 2 25 2 56 2 1 1 5 2 46 2 2 52 2 2 1 1 2 2 2 28 41 2 2 2 1
1 2 2 2 2 2 2 18 2 1 1 2 2 2 52 28 2 2 2 1 1 2 2 2 2 2 62 53 2 1 1 2 2 2 52 2 2 2 2 1 1 2 2 21 2 63 2 37 1 1 1 1 10 2 2 32 2 2 32 1 1 2 38 2 2 2 2 2 2 1 1 2 2 2 2 2 7 25 2 1 1 2 2 2 2 12 2 2 2 1 1 7 2 2 54 2 38 2 53 1
1 1 1 1 1 1 1 1 1 1 1 1 1 1 1 1 1 1 1 1 1 1 1 1 1 1 1 1 1 1 1 1 1 1 1 1 1 1 1 1 1 1 1 1 1 1 1 1 1 1 1 1 1 1 1 1 1 1 1 1 1 1 1 1 1 1 1 1 1 1 1 1 1 1 1 1 1 1 1 1 1 1 1 1 1 1 1 1 1 1 1 1 1 1 1 1 1 1 1 1
1 1 1 1 1 1 1 1 1 1 1 1 1 1 1 1 1 1 1 1 1 1 1 1 1 1 1 1 1 1 1 1 1 1 1 1 1 1 1 1 1 1 1 1 1 1 1 1 1 1 1 1 1 1 1 1 1 1 1 1 1 1 1 1 1 1 1 1 1 1 1 1 1 1 1 1 1 1 1 1 1 1 1 1 1 1 1 1 1 1 1 1 1 1 1 1 1 1 1 1

