#CORES
2
1 0 0 0
2 0 255 0
#OBJETO
9 37
1 1 1 1 1 1 1 1 1 1 1 1 1 1 1 1 1 1 1 1 1 1 1 1 1 1 1 1 1 1 1 1 1 1 1 1 1 
1 2 1 1 1 2 1 2 2 2 2 2 1 2 1 1 1 2 1 1 1 2 1 1 1 2 1 2 2 2 1 2 1 1 1 2 1 
1 2 1 1 1 2 1 2 1 1 1 2 1 2 1 1 1 2 1 1 1 2 1 1 1 2 1 1 2 1 1 2 2 1 1 2 1 
1 2 2 1 2 2 1 2 1 1 1 2 1 2 1 1 1 2 1 1 1 2 1 2 1 2 1 1 2 1 1 2 2 1 1 2 1 
1 1 2 2 2 1 1 2 1 1 1 2 1 2 1 1 1 2 1 1 1 2 1 2 1 2 1 1 2 1 1 2 1 2 1 2 1 
1 1 1 2 1 1 1 2 1 1 1 2 1 2 1 1 1 2 1 1 1 2 1 2 1 2 1 1 2 1 1 2 1 1 2 2 1 
1 1 1 2 1 1 1 2 1 1 1 2 1 2 1 1 1 2 1 1 1 1 2 1 2 1 1 1 2 1 1 2 1 1 2 2 1 
1 1 1 2 1 1 1 2 2 2 2 2 1 2 2 2 2 2 1 1 1 1 2 1 2 1 1 2 2 2 1 2 1 1 1 2 1 
1 1 1 1 1 1 1 1 1 1 1 1 1 1 1 1 1 1 1 1 1 1 1 1 1 1 1 1 1 1 1 1 1 1 1 1 1 